6792601981
3361795385
9470682326
9410380533
5165380812
4137798788
8146545283
4174028759
9786831678
3079189168
9841549186
3186248742
2403693720
7474596748
4428681896
2310816141
5413664167
3042203918
9012187153
6198359187
6101268224
9043646679
9733245021
7196620213
5024694683
2134577436
9792166247
4643707472
2704142031
2405298574
4696342310
5100656036
6092866728
6202859230
9205937150
6265294848
7641031954
9473058377
7730477983
9157177647
7853562095
3159927839
4435926547
8484777515
3141279267
2281434039
2193116605
8109457711
7635712307
2834491374
8147372644
3419360849
8176880237
8626017394
8724182716
7609074617
5039651738
5054914718
9471978159
3163907418
5013717191
6101502376
2158209484
5624741461
6607955431
6603402736
5859713393
3181139032
5631900603
6261371247
2083372326
6318030393
9412468613
9312419240
4708803277
9398392368
8141105404
7346476769
5730717825
4428375473
6030780015
7730150184
8703794944
7062340648
7015801084
4171708617
4750386583
4755416470
7879663728
7317757733
5042900969
2760585756
9800682109
3017715927
7012621947
9755295682
4120878648
6068770801
6310627245
5707676931
2693636127
3080235843
4707860826
2015967668
5120745898
2674508356
2340343756
4358041551
8124563305
2315723152
2163426281
7182170122
2176794377
9708738365
9091641370
9142532772
2348149892
9472157454
3473799276
5419540043
8597770453
6893952615
9091037351
8659836887
9578800611
9727013909
9130307236
8489080792
5035675049
5639657552
6469341844
4146170361
7747383441
3022911299
7322597622
7070264890
8131211294
8033254201
9844762311
3516896982
7158492355
5085121278
8028615210
7737838906
9180188531
3182547147
6704620049
4071788957
5041143477
9014570322
5511153049
9797300501
2015954741
3192619877
7180009371
2696432325
5179359802
3101862482
3310629776
2258394715
3413556954
6204527899
5139275643
8780225397
4787052707
2184493061
6262747768
7243851506
6510236492
4103088890
2608083298
7122940709
2407012838
2098031561
8051640256
7729415472
8509074249
3234700591
3036631381
4794381634
2128329668
8151383841
8189334926
9515756328
6613165258
4050241634
7205017249
3349698641
7375120426
7690107628
4154059445
2036245900
4342019715
2105959980
2096513639
6122422294
7135923196
2560937011
2089207304
9722336451
5395592419
9096972586
2130761193
9759219950
8481972175
5049498592
9080185837
2780073536
5705280241
2246602131
5404456612
9518379580
4067176858
3608194524
9156329717
2291510947
3252939583
8105680570
4016128257
9086992165
6268663332
9898155018
3101799971
2536873665
8059138608
3528852503
4691380714
5129707642
2543435874
2391487921
4702390450
2813409761
2760005019
7872656757
8320542494
9129894761
4750104376
4134508254
3171578407
7079558302
2539206939
4702273709
5169287150
7315803343
3479574043
2142548269
6082501280
9415748580
4328154893
9187845712
7024534008
2024358247
3150297902
8022246951
5407759252
9185522240
7869357663
9529120493
6109608367
4105073559
8435726972
8609921349
3510606650
9166506253
2136789512
6613780408
9714069419
6705545912
7126602850
8353948181
3106221229
8501358671
6151118297
5702653583
4647726748
4193036227
9540372984
5017535200
5629168412
3865564548
4306026988
5012540655
3855924818
6461467349
3163394357
8030805575
4787091509
8131698270
2564464038
2058471972
2836332963
6157998715
9169827088
2105624779
5071593950
2626079480
6093646974
4705914655
3097363718
7197991763
8501811129
7127429017
4780610226
9042331953
6414928649
7754456176
4793304657
4098636436
3609573959
2168922991
6287102107
4135138327
8054217096
7638925447
2564677120
8450085011
5031525619
6367573746
2093945459
3170244193
3153383597
5399413483
8313842904
7378459406
5745533767
3091722167
7037215952
3861138312
9808894977
2512204301
4153324670
5027242996
8783351782
3512857874
2625268658
4090278285
2488390143
7608643032
2530775951
6819026574
7814979963
4431355056
6312931912
2083048464
6466093889
6363700765
6013005134
4343425131
3084576403
7169734420
2089363794
5028319942
7700946780
6168723300
6057986039
2546590618
7375862609
6172042353
7644165275
6014477086
6601757957
3080594798
6571460561
2401995755
2834271409
5179757766
4048545416
9365246469
5864640133
2172301028
7316332649
7315450971
3411993332
6177988791
2764376423
2314002204
5407466513
5201693108
5852873904
3158923691
8126275715
5183243829
7629005845
2768005183
4802203765
8725094033
9372810073
6413044539
7147159703
6020168907
2789076631
6461844993
4017483536
4359086227
6159909928
4171930964
3528829129
2144306237
5645178909
8508027759
3059290491
9092568486
2484185644
6030613209
3600979933
9148595272
9202950204
4120676643
3103495820
9156256184
9759924392
2833320537
8659285148
3179305055
2241844373
6623494156
3361344814
3046994911
4435090872
3233905369
6315828497
5136864489
7875750375
4432941411
5200927794
9031285771
4049048407
6608483597
9561361156
8302728682
4802829947
7728765688
6617806383
2154318848
5621580772
4101221006
3183396986
6625547399
3699695797
3210810880
2029111330
3513095882
9131138630
2318870097
4063980124
6823774731
3165916896
8601968892
8658461695
9091321420
9597743042
5083464559
6310378016
5637320618
6148805323
2527096861
6811866331
6265351984
9401622764
8130873544
2819978077
8433884922
2515656980
4425508404
2603228961
8066359091
9163415040
2241411561
6816936790
3042312148
2067841180
4694848204
3051128287
8155892642
8708922280
9706232753
6064991236
2080649952
6201398904
9272573253
9060484344
7792873313
2070063741
2480030038
4076067798
4065889060
9524993467
8162311753
4190292553
8046067401
5630563203
7342700851
8100030814
9724013097
2126339730
6179908310
9521392637
3699030039
4695671983
8566076891
1234567890
