4134412080
7314166138
3088705481
4404057770
2694447058
7152921654
6271582970
6712892352
4121220508
6098977319
8088615810
4012317997
7156380952
4124161927
3048877717
7854399624
2836135258
3699684241
4303955019
2063862889
3375266433
3471901233
8350888793
5670814936
3604733099
6159062151
2318651447
2392958602
5742735694
6303622258
8307741418
2567566575
4134176697
5308221106
7242901144
5592834125
7693319266
9711694083
5860724771
3529293380
7644585013
5702414331
7370278113
9732808648
8318579480
2486960801
8047598504
5077210126
7403376794
8482634051
7328666901
4641594868
9252165737
6173781963
2319908302
3168241856
8786647087
5406738046
8085865710
8452714927
5129490721
9793488828
9251525115
5154857356
5410207945
6621323622
6610886385
2241493067
2536134677
3132143986
6319057059
9573898363
7708748938
6280213132
6066545469
8630813615
2675747020
8503318340
6794897385
3602370352
9274782737
6077279918
4804258111
5514464476
7328397894
7729159329
6143971270
9103943509
7737937401
2347582689
6414985554
8319612707
7010736568
8356336193
9570352077
8706607337
5092367345
8707944439
7819863168
5741661731
3206845661
8703811455
3202902433
9186825295
5103921867
8129720996
8580450786
8603362746
9073192418
9131815834
2402589154
9858811040
3025281288
7178001399
3317904825
4052789471
8286859030
6697395995
9495315243
8587257465
9409885407
7270994991
6261585381
9840611043
2489622611
9352670101
5738940925
3084839654
6464937610
6781251907
9047585989
7036860030
8327091279
2090542836
6705189577
9522848261
2085188953
9411401520
4348799196
6827787995
2077765151
6200888213
7707244542
3517638592
4698238062
9518931086
9757115399
3136851666
9400879193
5709174655
2035297798
2197541000
7208201643
4422436204
6826799523
2085353241
2121120436
8355089374
9540550060
4022984283
3858032700
2627113181
7186364724
8707655960
7794532302
7187253787
5804450369
5405169812
2607049044
9161024086
8570600811
3231897129
2816528545
3868725351
2100701925
5028902498
2025274223
8439744048
9514843283
4799359462
9288912274
9855736443
6075061369
2050229187
9801375777
2401008999
2171555616
2678535363
7706802383
2703921534
4251681162
6894732046
7174766555
8186810838
8652126247
7125811062
2519567578
5572164664
9720047820
9708918070
2518668969
2517367466
7048141547
2835004616
3618595323
2125917470
7632609396
4799865140
9410687944
9286954469
7740950445
8355524833
4131926748
4065730851
9519109425
6174655677
6073807916
4238232680
8650982404
4437425868
5303129627
8588177128
7175073458
4648995849
8624885015
3014396940
5093241822
6286450150
3176096963
5647671807
7071707866
4074759905
5748861018
4698674444
6796292264
3077035665
7048583215
4259670555
6815068185
2038241510
5417763762
7701197570
9729906377
7176410278
8017442261
9105812115
3024546818
8131363872
5732531170
8470558375
4695748803
5082729080
7609069872
2837251339
6311091136
2174063228
5130037609
5106309728
9103449649
9173426079
7038402931
3028303596
7204858500
3131177397
2541626687
4642590461
7474385880
8501144398
6715932013
8033209899
7708727309
5671922206
2124314417
2534903512
3234039421
7636370220
8017229368
6829493547
7874376163
5017201554
2074345786
9801920858
7720946339
7047349542
9472713317
6071466803
6032424201
7179275515
3378178514
8784847457
7601410470
3195803909
6507185729
4159094291
6283401724
7576380332
7329309928
7818533847
8561926557
8033333743
9317139041
2672985570
6076251754
5738663390
5674356233
6158254279
4302769357
8062281089
5741513806
9411019189
5672672516
4051179699
9175893340
9172116948
9561390510
3195005706
5305011220
5704166078
8180214905
4341482954
2282008266
8283502645
2526597519
8182138229
6302756372
6052781047
6032520263
8700947242
7070386073
3308028457
6719058617
5053028015
7197384165
5182116716
4025712981
7653481434
5737523012
6099002844
8575751303
2817509254
4063717023
5129693279
4326490820
5612438745
5155547386
6469420413
7812274524
4422802282
7011993001
5122290400
2280462627
7795572131
7180549096
4705848721
2294151994
2120932114
7149868562
8471794560
6051817077
5733642299
7150709966
2145329259
6513339882
8159299884
8569333931
2521533217
7074095180
9511932964
6196401533
2626005342
4697062875
5717638404
3526696161
9891891641
6694624477
2070804722
8580479146
6897822766
7245444149
6025984027
2122018950
9513092493
5183279553
7061183990
2564779559
8045523474
3085676511
5125119872
3804649472
3040836225
4139605937
9154495209
8103110230
4759568235
9547448362
7370125531
9706161757
9253666311
3400317972
5626638194
8609632987
4321475525
8288622589
6261102669
3342474826
6577254203
5203328318
3072310624
4302405794
9130076853
7069460275
6140906545
4327186221
8725105627
3137841896
2101303013
6156252565
6825037868
3133656730
4066700712
2706718605
6235901032
8646762357
6272412629
2299056775
3411207670
9857927065
6894794520
5596316054
5594644452
8589416545
9191273842
5708032806
8189600530
3378531417
2392242038
6600920109
4067034974
5171543341
9369854795
8057579717
7625282104
4238634262
3019006903
2284426266
7248145874
8045189934
4171777044
2191760077
9708412520
6078259433
8302348465
8305382867
6604676371
3807551298
7859013598
3344413064
6819750454
4799436393
6514671875
2108755022
4324175329
8574517746
6502338919
2811891225
4128378630
8353247103
7860719013
7240504483
7041834530
2525639891
7271788156
2168665353
9018124702
2169214082
6140026485
8148786734
6810217126
7372556448
5395886607
8285418504
3690912997
8436778470
7121137749
6098039670
3305769400
9804438216
7079864924
5574814113
8314913234
4239961192
3050628284
2079188264
5757510449
4306786933
7709452833
3046362405
4425147673
7124231711
7691097827
